0x400ee0 phase_1    0x401338 strings_not_equal
0x402400:       66      111     114     100     101     114     32      114
0x402408:       101     108     97      116     105     111     110     115
0x402410:       32      119     105     116     104     32      67      97
0x402418:       110     97      100     97      32      104     97      118
0x402420:       101     32      110     101     118     101     114     32
0x402428:       98      101     101     110     32      98      101     116
0x402430:       116     101     114     46      0

phase_2 read_six_numbers
format:
0x4025c3:       37      100     32      37      100     32      37      100
0x4025cb:       32      37      100     32      37      100     32      37
0x4025d3:       100     0

phase_3 jump_table:
0x402470:       124     15      64      0       0       0       0       0   0x400F7C
0x402478:       -71     15      64      0       0       0       0       0   0x400FB9
0x402480:       -125    15      64      0       0       0       0       0   0x400F83
0x402488:       -118    15      64      0       0       0       0       0   0x400F8A
0x402490:       -111    15      64      0       0       0       0       0   0x400F91
0x402498:       -104    15      64      0       0       0       0       0   0x400F98
0x4024a0:       -97     15      64      0       0       0       0       0   0x400F9F
0x4024a8:       -90     15      64      0       0       0       0       0   0x400FA6
(0, 207) (1, 311) (2, 707) (3, 256) (4, 389) (5, 206) (6, 682) (7, 327)

phase_4
read func4

phase_5
0x4024b0 <array.3449>:  109     97      100     117     105     101     114     115     m a d u i e r s
0x4024b8 <array.3449+8>:110     102     111     116     118     98      121     108     n f o t v b y l
0x40245e:       102     108     121     101     114     115     f l y e r s
lower 4 bit: 9 F E 5 6 7    ionefg, 

phase_6
0x6032d0 <node1>:       76      1       0       0       1       0       0       0
0x6032d8 <node1+8>:     -32     50      96      0       0       0       0       0
0x6032e0 <node2>:       -88     0       0       0       2       0       0       0
0x6032e8 <node2+8>:     -16     50      96      0       0       0       0       0
0x6032f0 <node3>:       -100    3       0       0       3       0       0       0
0x6032f8 <node3+8>:     0       51      96      0       0       0       0       0
0x603300 <node4>:       -77     2       0       0       4       0       0       0
0x603308 <node4+8>:     16      51      96      0       0       0       0       0
0x603310 <node5>:       -35     1       0       0       5       0       0       0
0x603318 <node5+8>:     32      51      96      0       0       0       0       0
0x603320 <node6>:       -69     1       0       0       6       0       0       0
0x603328 <node6+8>:     0       0       0       0       0       0       0       0

break: 0x40116F 0x4011AB 0x4011DA